+51917286215
+51950713058
+51950713061
+51950713062
+51950713064
+51950713065
+51950713066
+51950713072
+51950713073
+51950713081
+51950713083
+51950713090
+51950713097
+51950713100
+51950713101
+51950713106
+51950713107
+51950713110
+51950713114
+51950713115
+51950713121
+51950713128
+51950713129
+51950713140
+51950713153
+51950713161
+51950713166
+51950713168
+51950713170
+51950713172
+51950713176
+51950713177
+51950713188
+51950713190
+51950713193
+51950713195
+51950713199
+51950713204
+51950713210
+51950713213
+51950713219
+51950713223
+51950713231
+51950713235
+51950713236
+51950713242
+51950713243
+51950713245
+51950713248
+51950713250
+51950713251
+51950713253
+51950713256
+51950713263
+51950713264
+51950713265
+51950713269
+51950713274
+51950713278
+51950713280
+51950713281
+51950713288
+51950713299
+51950713300
+51950713302
+51950713305
+51950713306
+51950713309
+51950713316
+51950713317
+51950713321
+51950713323
+51950713324
+51950713326
+51950713332
+51950713333
+51950713343
+51950713348
+51950713350
+51950713351
+51950713352
+51950713355
+51950713358
+51950713361
+51950713362
+51950713366
+51950713368
+51950713370
+51950713372
+51950713373
+51950713374
+51950713375
+51950713377
+51950713380
+51950713390
+51950713391
+51950713392
+51950713393
+51950713397
+51950713398
+51950713399
+51950713401
+51950713403
+51950713409
+51950713411
+51950713413
+51950713415
+51950713421
+51950713424
+51950713430
+51950713433
+51950713436
+51950713441
+51950713444
+51950713447
+51950713449
+51950713450
+51950713468
+51950713474
+51950713482
+51950713483
+51950713484
+51950713485
+51950713491
+51950713495
+51950713499
+51950713500
+51950713509
+51950713514
+51950713516
+51950713518
+51950713536
+51950713538
+51950713545
+51950713556
+51950713563
+51950713566
+51950713570
+51950713580
+51950713581
+51950713583
+51950713584
+51950713585
+51950713591
+51950713595
+51950713596
+51950713597
+51950713598
+51950713604
+51950713610
+51950713617
+51950713619
+51950713621
+51950713622
+51950713627
+51950713653
+51950713655
+51950713661
+51950713662
+51950713664
+51950713673
+51950713674
+51950713683
+51950713694
+51950713698
+51950713700
+51950713701
+51950713702
+51950713704
+51950713719
+51950713720
+51950713721
+51950713722
+51950713723
+51950713726
+51950713727
+51950713729
+51950713730
+51950713732
+51950713747
+51950713755
+51950713760
+51950713761
+51950713766
+51950713776
+51950713785
+51950713802
+51950713803
+51950713808
+51950713810
+51950713816
+51950713822
+51950713824
+51950713828
+51950713831
+51950713834
+51950713835
+51950713836
+51950713839
+51950713846
+51950713848
+51950713851
+51950713856
+51950713864
+51950713865
+51950713866
+51950713879
+51950713882
+51950713883
+51950713889
+51950713891
+51950713894
+51950713899
+51950713903
+51950713905
+51950713908
+51950713909
+51950713911
+51950713924
+51950713926
+51950713932
+51950713933
+51950713941
+51950713944
+51950713952
+51950713954
+51950713962
+51950713966
+51950713968
+51950713969
+51950713972
+51950713974
+51950713976
+51950713978
+51950713979
+51950713980
+51950713985
+51950713988
+51950713993
+51950713994
+51950714001
+51950714002
+51950714008
+51950714009
+51950714016
+51950714019
+51950714023
+51950714027
+51950714030
+51950714033
+51950714034
+51950714046
+51950714047
+51950714051
+51950714055
+51950714056
+51950714057
