+51950714057
+51961892852
+51961892854
+51961892857
+51961892860
+51961892863
+51961892865
+51961892867
+51961892870
+51961892871
+51961892872
+51961892889
+51961892892
+51961892894
+51961892895
+51961892896
+51961892897
+51961892902
+51961892904
+51961892914
+51961892915
+51961892918
+51961892919
+51961892920
+51961892925
+51961892926
+51961892927
+51961892930
+51961892933
+51961892935
+51961892938
+51961892942
+51961892947
+51961892954
+51961892956
+51961892961
+51961892963
+51961892966
+51961892967
+51961892969
+51961892970
+51961892972
+51961892975
+51961892979
+51961892989
+51961892991
+51961892993
+51961892996
+51961892997
+51961893000
+51961893013
+51961893014
+51961893015
+51961893018
+51961893020
+51961893021
+51961893026
+51961893028
+51961893031
+51961893036
+51961893047
+51961893049
+51961893059
+51961893061
+51961893069
+51961893071
+51961893073
+51961893080
+51961893087
+51961893091
+51961893092
+51961893093
+51961893095
+51961893098
+51961893102
+51961893112
+51961893115
+51961893118
+51961893119
+51961893120
+51961893121
+51961893122
+51961893124
+51961893133
+51961893134
+51961893136
+51961893137
+51961893144
+51961893146
+51961893152
+51961893158
+51961893161
+51961893162
+51961893164
+51961893165
+51961893168
+51961893171
+51961893172
+51961893173
+51961893179
+51961893189
+51961893191
+51961893193
+51961893194
+51961893197
+51961893200
+51961893202
+51961893205
+51961893208
+51961893209
+51961893211
+51961893212
+51961893217
+51961893225
+51961893233
+51961893241
+51961893242
+51961893245
+51961893252
+51961893253
+51961893261
+51961893262
+51961893263
+51961893264
+51961893265
+51961893266
+51961893271
+51961893274
+51961893278
+51961893280
+51961893292
+51961893293
+51961893295
+51961893299
+51961893300
+51961893303
+51961893306
+51961893307
+51961892886
+51961893012
+51961893308
+51961893311
+51961893312
+51961893319
+51961893321
+51961893327
+51961893330
+51961893332
+51961893340
+51961893347
+51961893355
+51961893360
+51961893362
+51961893363
+51961893365
+51961893371
+51961893377
+51961893378
+51961893379
+51961893380
+51961893381
+51961893382
+51961893387
+51961893389
+51961893390
+51961893391
+51961893394
+51961893397
+51961893407
+51961893419
+51961893422
+51961893423
+51961893427
+51961893430
+51961893434
+51961893437
+51961893439
+51961893441
+51961893444
+51961893446
+51961893447
+51961893448
+51961893450
+51961893451
+51961893453
+51961893454
+51961893458
+51961893459
+51961893460
+51961893461
+51961893474
+51961893487
+51961893488
+51961893489
+51961893492
+51961893498
+51961893500
+51961893502
+51961893507
+51961893508
+51961893510
+51961893517
+51961893518
+51961893526
+51961893528
+51961893529
+51961893531
+51961893533
+51961893536
+51961893539
+51961893541
+51961893545
+51961893547
+51961893549
+51961893553
+51961893562
+51961893567
+51961893568
+51961893576
+51961893580
+51961893581
+51961893582
+51961893586
+51961893589
+51961893590
+51961893592
+51961893597
+51961893601
+51961893603
+51961893605
+51961893606
+51961893608
+51961893610
+51961893611
+51961893616
+51961893617
+51961893622
+51961893626
+51961893627
+51961893628
+51961893629
+51961893633
+51961893636
+51961893637
+51961893645
+51961893646
+51961893647
+51961893648
+51961893650
+51961893651
+51961893653
+51961893655
+51961893657
+51961893658
+51961893659
+51961893660
+51961893664
+51961893665
+51961893666
+51961893667
+51961893668
+51961893671
+51961893673
+51961893679
+51961893680
+51961893683
+51961893688
+51961893690
+51961893692
+51961893695
+51961893697
+51961893698
+51961893700
+51961893701
+51961893702
+51961893707
+51961893708
+51961893719
+51961893724
+51961893729
+51961893730
+51961893732
+51961893737
+51961893739
+51961893740
+51961893741
+51961893745
+51961893746
+51961893752
+51961893754
+51961893756
+51961893758
+51961893763
+51961893767
+51961893772
+51961893773
+51961893775
+51961893778
+51961893779
+51961893783
+51961893787
+51961893791
+51961893793
+51961893796
+51961893808
+51961893811
+51961893812
+51961893814
+51961893819
+51961893820
+51961893823
+51961893825
+51961893829
+51961893831
+51961893836
+51961893838
+51961893839
+51961893848
+51961893850
